object={
	name="new_mapobject_9"
	clamp_to_water_level=no
	render_under_water=no
	generated_content=no
	layer="building_layer"
	pdxmesh="building_mediterranean_temple_pagan_02_a_mesh"
	count=7
	transform="1671.939331 0.000000 1995.074219 0.000000 0.166744 0.000000 0.986000 1.000000 1.000000 1.000000
2569.946045 0.000000 1960.974243 0.000000 -0.580634 0.000000 0.814165 1.000000 1.000000 1.000000
2582.650879 0.000000 1959.233765 0.000000 0.109096 0.000000 0.994031 1.000000 1.000000 1.000000
1469.591309 0.000000 2269.432129 0.000000 0.453418 0.000000 0.891298 1.000000 1.000000 1.000000
1568.955444 0.000000 1609.677002 0.000000 -0.793924 0.000000 0.608017 1.000000 1.000000 1.000000
2328.686279 0.000000 1733.586792 0.000000 0.255320 0.000000 0.966857 1.000000 1.000000 1.000000
2674.485352 0.000000 1296.411133 0.000000 0.945840 0.000000 0.324632 1.000000 1.000000 1.000000
"}
